nivo 1

12345678901234567890123456789012345678901234567890123456789012345678901234567890123456789012345678901234567890123456789012345678
20000000000000000000000000000000000000000000000000000000000000000000000000000000000000000000000000000000000000000000000000000000
30000000000000000000000000000000000000000000000000000000000000000000000000000000000000000000000000000000000000000000000000000000
40000000000000000000000000000000000000000000000000000000000000000000000000000000000000000000000000000000000000000000000000000000
50000000000000000000000000000000000000000000000000000000000000000000000000000000000000000000000000000000000000000000000000000000
60000000000000000000000000000000000000000000000000000000000000000000000000000000000000000000000000000000000000000000000000000000
70000000000000000000000000000000000000000000000000000000000000000000000000000000000000000000000000000000000000000000000000000000
80000000000000000000000000000000000000000000000000000000000000000000000000000000000000000000000000000000000000000000000000000000
90000000000000000000000000000000000000000000000000000000000000000000000000000000000000000000000000000000000000000000000000000000
00000000000000000000000000000000000000000000000000000000000000000000000000000000000000000000000000000000000000000000000000000000
10000000000000000000000000000000000000000000000000000000000000000000000000000000000000000000000000000000000000000000000000000000
20000000000000000000000000000000000000000000000000000000000000000000000000000000000000000000000000000000000000000000000000000000
30000000000000000000000000000000000000000000000000000000000000000000000000000000000000000000000000000000000000000000000000000000
40000000000000000000000000000000000000000000000000000000000000000000000000000000000000000000000000000000000000000000000000000000
50000000000000000000000000000000000000000000000000000000000000000000000000000000000000000000000000000000000000000000000000000000
60000000000000000000000000000000000000000000000000000000000000000000000000000000000000000000000000000000000000000000000000000000
70000000000000000000000000000000000000000000000000000000000000000000000000000000000000000000000000000000000000000000000000000000
80000000000000000000000000000000000000000000000000000000000000000000000000000000000000000000000000000000000000000000000000000000
90000000000000000000000000000000000000000000000000000000000000000000000000000000000000000000000000000000000000000000000000000000
00000000000000000000000000000000000000000000000000000000000000000000000000000000000000000000000000000000000000000000000000000000
10000000000000000000000000000000000000000000000000000000000000000000000000000000000000000000000000000000000000000000000000000000
20000000000000000000000000000000000000000000000000000000000000000000000000000000000000000000000000000000000000000000000000000000
30000000000000000000000000000000000000000000000000000000000000000000000000000000000000000000000000000000000000000000000000000000
40000000000000000000000000000000000000000000000000000000000000000000000000000000000000000000000000000000000000000000000000000000
50000000000000000000000000000000000000000000000000000000000000000000000000000000000000000000000000000000000000000000000000000000
60000000000000000000000000000000000000000000000000000000000000000000000000000000000000000000000000000000000000000000000000000000
70000000000000000000000000000000000000000000000000000000000000000000000000000000000000000000000000000000000000000000000000000000
80000000000000000000000000000000000000000000000000000000000000000000000000000000000000000000000000000000000000000000000000000000
90000000000000000000000000000000000000000000000000000000000000000000000000000000000000000000000000000000000000000000000000000000
00000000000000000000000000000000000000000000000000000000000000000000000000000000000000000000000000000000000000000000000000000000
10000000000000000000000000000000000000000000000000000000000000000000000000000000000000000000000000000000000000000000000000000000
20000000000000000000000000000000000000000000000000000000000000000000000000000000000000000000000000000000000000000000000000000000
30000000000000000000000000000000000000000000000000000000000000000000000000000000000000000000000000000000000000000000000000000000
40000000000000000000000000000000000000000000000000000000000000000000000000000000000000000000000000000000000000000000000000000000
50000000000000000000000000000000000000000000000000000000000000000000000000000000000000000000000000000000000000000000000000000000
60000000000000000000000000000000000000000000000000000000000000000000000000000000000000000000000000000000000000000000000000000000

   098     tocke: 1234                                                                                                  <3 <3 <3
 1     7   cas: 60
 2     6   farma: 2
   345     polje: 0
